1.712632328271865845e-01
1.695196628570556641e-01
1.859357953071594238e-01
2.918805181980133057e-01
2.358766496181488037e-01
2.088340073823928833e-01
2.305362820625305176e-01
2.734344303607940674e-01
2.826915979385375977e-01
1.898597478866577148e-01
2.773548364639282227e-01
2.724356651306152344e-01
1.628781706094741821e-01
2.203668504953384399e-01
1.535872668027877808e-01
5.000855922698974609e-01
1.765513271093368530e-01
2.907084226608276367e-01
2.019057869911193848e-01
1.834498643875122070e-01
1.446148753166198730e-01
2.788039743900299072e-01
2.523504793643951416e-01
1.786455810070037842e-01
2.813987433910369873e-01
1.567057669162750244e-01
1.415754705667495728e-01
1.529359370470046997e-01
2.362785488367080688e-01
1.909057646989822388e-01
1.679160445928573608e-01
2.320565581321716309e-01
2.942670285701751709e-01
2.381066083908081055e-01
2.171396166086196899e-01
2.735801935195922852e-01
2.157944440841674805e-01
2.798914015293121338e-01
1.800068914890289307e-01
2.102547734975814819e-01
1.829143613576889038e-01
1.920433640480041504e-01
2.891120612621307373e-01
2.960736453533172607e-01
3.473899960517883301e-01
3.019659221172332764e-01
1.901241093873977661e-01
3.394670486450195312e-01
1.662805527448654175e-01
2.033557295799255371e-01
4.084008336067199707e-01
2.330660521984100342e-01
1.786927133798599243e-01
2.637996673583984375e-01
3.784600198268890381e-01
2.046112567186355591e-01
3.654291927814483643e-01
2.371174544095993042e-01
3.062211573123931885e-01
2.308687865734100342e-01
3.207503557205200195e-01
2.276129424571990967e-01
2.326793819665908813e-01
3.265695273876190186e-01
2.292552292346954346e-01
1.718233376741409302e-01
1.922184377908706665e-01
1.335214525461196899e-01
3.111549317836761475e-01
3.348810970783233643e-01
2.651289999485015869e-01
2.224637120962142944e-01
2.400396615266799927e-01
2.250051498413085938e-01
2.503281831741333008e-01
2.599872052669525146e-01
2.939849197864532471e-01
1.782374680042266846e-01
3.637192845344543457e-01
1.240835189819335938e-01
2.764357626438140869e-01
2.296191304922103882e-01
2.298708856105804443e-01
1.479721367359161377e-01
1.821408420801162720e-01
2.464427500963211060e-01
3.901486396789550781e-01
3.166280686855316162e-01
2.119113504886627197e-01
2.126999944448471069e-01
2.595196962356567383e-01
1.947172135114669800e-01
1.594955027103424072e-01
1.746980994939804077e-01
2.796777784824371338e-01
2.970376312732696533e-01
1.831035763025283813e-01
2.154096961021423340e-01
2.454243004322052002e-01
2.712419033050537109e-01
1.984663754701614380e-01
2.258702814579010010e-01
1.941889971494674683e-01
2.088687866926193237e-01
1.176589429378509521e-01
2.532643079757690430e-01
1.526303291320800781e-01
2.063591927289962769e-01
1.742144823074340820e-01
2.265658676624298096e-01
2.429931908845901489e-01
1.599061340093612671e-01
2.522944808006286621e-01
3.582473099231719971e-01
1.880009919404983521e-01
3.215314149856567383e-01
2.084068059921264648e-01
2.887364029884338379e-01
1.789862662553787231e-01
1.665097773075103760e-01
2.116714417934417725e-01
1.383774280548095703e-01
3.373398482799530029e-01
2.743587791919708252e-01
1.902474462985992432e-01
2.896957695484161377e-01
1.444790512323379517e-01
3.675357699394226074e-01
1.899958550930023193e-01
2.034733742475509644e-01
2.040937393903732300e-01
2.871524095535278320e-01
3.544512689113616943e-01
2.855049669742584229e-01
2.014602422714233398e-01
1.756177842617034912e-01
1.933825612068176270e-01
3.440237641334533691e-01
2.336772382259368896e-01
2.550841867923736572e-01
1.199553981423377991e-01
1.875087618827819824e-01
2.913185060024261475e-01
2.589118778705596924e-01
2.243630588054656982e-01
2.212369143962860107e-01
2.162376940250396729e-01
2.824355959892272949e-01
2.676154971122741699e-01
2.929222881793975830e-01
2.938266992568969727e-01
2.421344518661499023e-01
2.053450793027877808e-01
2.509131431579589844e-01
2.559275031089782715e-01
2.524346113204956055e-01
2.261935323476791382e-01
1.856998503208160400e-01
2.732032239437103271e-01
2.916644811630249023e-01
2.232218384742736816e-01
3.123655319213867188e-01
2.028342336416244507e-01
2.336550801992416382e-01
2.145027220249176025e-01
2.274786233901977539e-01
2.712801992893218994e-01
2.657336890697479248e-01
1.821157336235046387e-01
2.377846837043762207e-01
1.491401940584182739e-01
1.595306247472763062e-01
2.016296833753585815e-01
2.103016972541809082e-01
1.063038855791091919e-01
3.318169414997100830e-01
2.026091217994689941e-01
2.084309458732604980e-01
2.752951681613922119e-01
2.196906805038452148e-01
3.260410726070404053e-01
2.557140588760375977e-01
2.288080304861068726e-01
2.027628868818283081e-01
2.222825735807418823e-01
2.938731014728546143e-01
1.419843435287475586e-01
1.827910840511322021e-01
1.935808062553405762e-01
2.906674146652221680e-01
2.363779246807098389e-01
3.687817454338073730e-01
3.831067383289337158e-01
1.784371286630630493e-01
2.005329877138137817e-01
1.728051453828811646e-01
2.251665890216827393e-01
2.183656543493270874e-01
1.485739648342132568e-01
2.691721618175506592e-01
2.121683508157730103e-01
2.137314677238464355e-01
2.200884670019149780e-01
1.534984856843948364e-01
2.104324251413345337e-01
1.517265141010284424e-01
1.679310649633407593e-01
2.856129407882690430e-01
1.425265222787857056e-01
2.633810937404632568e-01
2.288392931222915649e-01
2.482421547174453735e-01
1.876358091831207275e-01
3.828684687614440918e-01
2.749228179454803467e-01
2.946648597717285156e-01
3.215184211730957031e-01
1.788272112607955933e-01
2.166412770748138428e-01
2.821803390979766846e-01
2.498311549425125122e-01
1.323586553335189819e-01
2.033551484346389771e-01
2.299274057149887085e-01
2.134069800376892090e-01
2.669905126094818115e-01
1.603638380765914917e-01
1.294840127229690552e-01
3.220440745353698730e-01
1.987691074609756470e-01
2.645798921585083008e-01
3.093512058258056641e-01
2.532689571380615234e-01
1.547346860170364380e-01
2.558113634586334229e-01
3.307484686374664307e-01
2.846006155014038086e-01
1.768140196800231934e-01
3.547850251197814941e-01
3.208073377609252930e-01
2.456021904945373535e-01
1.730323433876037598e-01
3.029112815856933594e-01
2.284711152315139771e-01
1.475228071212768555e-01
2.134271264076232910e-01
1.878639757633209229e-01
2.498382776975631714e-01
2.069922983646392822e-01
1.640526056289672852e-01
3.708174228668212891e-01
2.752408087253570557e-01
2.097035348415374756e-01
2.246312499046325684e-01
1.871238648891448975e-01
1.440487653017044067e-01
1.571043282747268677e-01
3.008143603801727295e-01
1.953366100788116455e-01
1.931447088718414307e-01
2.252554744482040405e-01
2.912815511226654053e-01
1.546213179826736450e-01
2.714141607284545898e-01
2.568567395210266113e-01
3.364523351192474365e-01
2.084547430276870728e-01
2.293811589479446411e-01
2.159309089183807373e-01
2.871700227260589600e-01
1.769515573978424072e-01
1.467034965753555298e-01
1.760566681623458862e-01
2.070262879133224487e-01
2.395463138818740845e-01
2.767657637596130371e-01
2.604606449604034424e-01
2.632979452610015869e-01
2.335689216852188110e-01
2.936136722564697266e-01
2.336238920688629150e-01
4.036412537097930908e-01
2.650050818920135498e-01
1.831581145524978638e-01
1.360805332660675049e-01
2.985591888427734375e-01
3.034133613109588623e-01
2.143345624208450317e-01
1.694647073745727539e-01
3.112892806529998779e-01
2.125293463468551636e-01
2.109576910734176636e-01
1.503975093364715576e-01
3.001106977462768555e-01
1.922299116849899292e-01
2.107634246349334717e-01
1.945707201957702637e-01
1.674827784299850464e-01
3.118345737457275391e-01
1.835384517908096313e-01
2.530193626880645752e-01
1.914132535457611084e-01
2.373118847608566284e-01
1.315693706274032593e-01
1.975957453250885010e-01
1.997312903404235840e-01
2.615318000316619873e-01
2.039099186658859253e-01
2.071125954389572144e-01
2.801600992679595947e-01
3.116104602813720703e-01
2.399465292692184448e-01
1.501284837722778320e-01
2.397627681493759155e-01
2.773647606372833252e-01
2.717227637767791748e-01
2.704977393150329590e-01
2.660201787948608398e-01
2.636769711971282959e-01
1.615438163280487061e-01
1.778086274862289429e-01
2.558430135250091553e-01
1.941780000925064087e-01
1.920801103115081787e-01
3.262470364570617676e-01
2.956033945083618164e-01
1.960449516773223877e-01
3.738138079643249512e-01
1.783233880996704102e-01
1.791597604751586914e-01
2.274549752473831177e-01
2.015397250652313232e-01
1.504978835582733154e-01
3.457005321979522705e-01
1.909446716308593750e-01
3.008354008197784424e-01
2.188939303159713745e-01
3.254639208316802979e-01
1.854212135076522827e-01
2.797061502933502197e-01
1.950197219848632812e-01
2.733947038650512695e-01
1.983709186315536499e-01
2.146584242582321167e-01
3.159309029579162598e-01
3.253994584083557129e-01
1.906615644693374634e-01
2.748036980628967285e-01
1.882442384958267212e-01
1.933351904153823853e-01
2.836443781852722168e-01
2.124834209680557251e-01
1.671554446220397949e-01
2.782572209835052490e-01
2.060213685035705566e-01
3.204716145992279053e-01
1.890783011913299561e-01
2.227815091609954834e-01
1.986420005559921265e-01
2.079524248838424683e-01
1.379004120826721191e-01
2.026462852954864502e-01
1.827524900436401367e-01
1.906585246324539185e-01
1.777333319187164307e-01
2.078918814659118652e-01
2.427044808864593506e-01
3.889445364475250244e-01
2.912876307964324951e-01
1.996461749076843262e-01
2.309972792863845825e-01
2.385025024414062500e-01
2.243302315473556519e-01
3.212121725082397461e-01
4.002141654491424561e-01
2.770217657089233398e-01
1.821311265230178833e-01
2.195150852203369141e-01
2.456229180097579956e-01
1.673489511013031006e-01
1.786862164735794067e-01
1.665807217359542847e-01
3.162889480590820312e-01
1.756441295146942139e-01
2.051751613616943359e-01
2.011701911687850952e-01
2.663399875164031982e-01
2.884458899497985840e-01
2.976313233375549316e-01
2.965230047702789307e-01
2.123121172189712524e-01
1.660054177045822144e-01
2.614142000675201416e-01
1.376648694276809692e-01
2.109295129776000977e-01
2.826303839683532715e-01
3.699131906032562256e-01
1.596390753984451294e-01
2.532863020896911621e-01
1.795792281627655029e-01
2.978590130805969238e-01
2.768943905830383301e-01
2.420888990163803101e-01
2.960016727447509766e-01
1.875927597284317017e-01
2.096494585275650024e-01
2.605167329311370850e-01
2.369348257780075073e-01
1.737719476222991943e-01
2.318491935729980469e-01
2.251559793949127197e-01
1.805461347103118896e-01
2.761127054691314697e-01
2.507486343383789062e-01
2.391888648271560669e-01
2.884364128112792969e-01
2.131274044513702393e-01
2.062925547361373901e-01
1.677146553993225098e-01
1.779182702302932739e-01
2.684048414230346680e-01
1.696559488773345947e-01
2.635867893695831299e-01
1.541493535041809082e-01
2.501046061515808105e-01
2.380888760089874268e-01
2.423383295536041260e-01
2.949235737323760986e-01
2.277585417032241821e-01
2.390234619379043579e-01
2.838067710399627686e-01
2.106327712535858154e-01
1.877265274524688721e-01
2.505491673946380615e-01
1.982962787151336670e-01
2.301697432994842529e-01
1.856356114149093628e-01
1.828359067440032959e-01
2.506328821182250977e-01
2.493655532598495483e-01
3.212791383266448975e-01
3.005162179470062256e-01
2.051421999931335449e-01
2.671849429607391357e-01
2.378862649202346802e-01
1.739020645618438721e-01
2.876104116439819336e-01
2.702535688877105713e-01
3.222109079360961914e-01
1.754243969917297363e-01
1.788506656885147095e-01
1.233747005462646484e-01
1.811694651842117310e-01
1.900587230920791626e-01
1.771523803472518921e-01
2.260079532861709595e-01
2.961743175983428955e-01
1.770758181810379028e-01
2.086532711982727051e-01
2.442374527454376221e-01
2.220255732536315918e-01
2.396952062845230103e-01
2.267813384532928467e-01
3.273695111274719238e-01
1.603392511606216431e-01
2.557941377162933350e-01
2.132796645164489746e-01
2.164587527513504028e-01
2.795914113521575928e-01
1.271106749773025513e-01
1.595055609941482544e-01
2.388326823711395264e-01
2.554518878459930420e-01
2.822007536888122559e-01
1.042548567056655884e-01
2.315691858530044556e-01
3.057220280170440674e-01
2.014790475368499756e-01
2.894760370254516602e-01
2.002602219581604004e-01
1.920686811208724976e-01
1.901706904172897339e-01
2.901957333087921143e-01
2.070204466581344604e-01
2.089217603206634521e-01
2.306498885154724121e-01
2.319480925798416138e-01
1.511664092540740967e-01
2.536868453025817871e-01
1.975888758897781372e-01
2.628553211688995361e-01
1.723110675811767578e-01
3.317225575447082520e-01
2.135538160800933838e-01
1.164022833108901978e-01
2.790375351905822754e-01
3.958542346954345703e-01
1.770954579114913940e-01
1.876637488603591919e-01
1.955562680959701538e-01
1.316466331481933594e-01
1.511559337377548218e-01
1.540503203868865967e-01
2.988997697830200195e-01
2.339121997356414795e-01
3.668030798435211182e-01
2.892577648162841797e-01
1.626459062099456787e-01
1.974792927503585815e-01
2.358626127243041992e-01
2.096165269613265991e-01
2.510334849357604980e-01
1.612614989280700684e-01
2.528598010540008545e-01
2.752856910228729248e-01
1.948909908533096313e-01
3.345343768596649170e-01
2.984950542449951172e-01
1.786389052867889404e-01
2.863507568836212158e-01
1.387374699115753174e-01
2.630850672721862793e-01
1.847253441810607910e-01
2.246361076831817627e-01
2.531649768352508545e-01
1.686061322689056396e-01
2.117006331682205200e-01
2.921564877033233643e-01
1.992587298154830933e-01
3.058420419692993164e-01
2.152743488550186157e-01
2.534480988979339600e-01
1.429816186428070068e-01
2.886987924575805664e-01
1.380786448717117310e-01
2.540852129459381104e-01
2.757520377635955811e-01
2.130437791347503662e-01
2.278130203485488892e-01
2.366051077842712402e-01
2.034726440906524658e-01
2.489509582519531250e-01
2.408071458339691162e-01
2.687167823314666748e-01
1.476223468780517578e-01
1.496382057666778564e-01
1.350901126861572266e-01
3.133763968944549561e-01
3.291598856449127197e-01
2.048030793666839600e-01
2.913623750209808350e-01
2.643438577651977539e-01
2.300640642642974854e-01
2.581947445869445801e-01
3.272942304611206055e-01
1.439651697874069214e-01
2.028365731239318848e-01
1.375236809253692627e-01
3.574530482292175293e-01
2.392721772193908691e-01
2.790364027023315430e-01
2.387664914131164551e-01
1.732764989137649536e-01
3.004451990127563477e-01
2.442014366388320923e-01
1.580426841974258423e-01
2.440810799598693848e-01
1.754142642021179199e-01
1.471838057041168213e-01
2.582274377346038818e-01
3.469640016555786133e-01
2.862713038921356201e-01
2.181014120578765869e-01
2.597457468509674072e-01
3.458850681781768799e-01
1.235274598002433777e-01
1.450111120939254761e-01
3.616937696933746338e-01
1.154247969388961792e-01
3.125822544097900391e-01
2.293576151132583618e-01
2.061781585216522217e-01
2.057608067989349365e-01
2.720756828784942627e-01
2.743220329284667969e-01
1.835189461708068848e-01
2.105272561311721802e-01
2.151658385992050171e-01
2.010698765516281128e-01
2.153078019618988037e-01
1.059814989566802979e-01
2.044278979301452637e-01
1.988243460655212402e-01
1.479990184307098389e-01
2.323847115039825439e-01
2.549811005592346191e-01
2.618206739425659180e-01
1.047041937708854675e-01
1.725544333457946777e-01
2.679467201232910156e-01
2.307960838079452515e-01
2.350690364837646484e-01
1.876591593027114868e-01
2.931168079376220703e-01
2.750444114208221436e-01
2.619582712650299072e-01
2.194115817546844482e-01
1.993377208709716797e-01
3.861784636974334717e-01
1.461995542049407959e-01
2.018368095159530640e-01
1.465292423963546753e-01
1.968699693679809570e-01
1.750760376453399658e-01
1.768986880779266357e-01
3.300755918025970459e-01
2.374337762594223022e-01
1.345537602901458740e-01
1.834745556116104126e-01
2.296525090932846069e-01
1.520129293203353882e-01
2.722336947917938232e-01
1.867691427469253540e-01
2.441257834434509277e-01
2.038301527500152588e-01
2.632891237735748291e-01
2.185115963220596313e-01
2.541241049766540527e-01
2.624250054359436035e-01
2.292771488428115845e-01
2.733099162578582764e-01
2.226833850145339966e-01
2.366492450237274170e-01
2.282944470643997192e-01
1.500610411167144775e-01
2.543735206127166748e-01
2.691358327865600586e-01
2.630665004253387451e-01
2.312571555376052856e-01
2.541901469230651855e-01
2.276418954133987427e-01
2.596758008003234863e-01
2.228225767612457275e-01
2.469839751720428467e-01
1.446280926465988159e-01
1.738637089729309082e-01
1.533876955509185791e-01
2.189869582653045654e-01
2.581736445426940918e-01
2.041462212800979614e-01
2.147755324840545654e-01
2.302827984094619751e-01
3.011732995510101318e-01
2.891674935817718506e-01
1.864732354879379272e-01
3.082433342933654785e-01
1.685055941343307495e-01
1.648624092340469360e-01
3.568036556243896484e-01
2.161155939102172852e-01
2.147704064846038818e-01
1.951988041400909424e-01
2.275185286998748779e-01
2.740698456764221191e-01
2.327253967523574829e-01
3.034704625606536865e-01
1.727372556924819946e-01
1.521841734647750854e-01
2.567557096481323242e-01
1.477757394313812256e-01
2.950328588485717773e-01
1.592510789632797241e-01
2.112861424684524536e-01
1.766668558120727539e-01
2.706974148750305176e-01
2.829890847206115723e-01
1.947115212678909302e-01
2.665292918682098389e-01
1.541637331247329712e-01
4.377462565898895264e-01
1.917448043823242188e-01
1.780289858579635620e-01
2.381223440170288086e-01
1.496709734201431274e-01
2.076172381639480591e-01
2.722517251968383789e-01
2.377640455961227417e-01
2.273268401622772217e-01
1.501764357089996338e-01
3.671482503414154053e-01
2.357113361358642578e-01
2.829055488109588623e-01
3.344429135322570801e-01
1.366473138332366943e-01
2.064985334873199463e-01
1.780903339385986328e-01
2.215108126401901245e-01
2.068606317043304443e-01
3.210308551788330078e-01
2.233349382877349854e-01
3.121312260627746582e-01
2.588018476963043213e-01
2.373968660831451416e-01
2.033842056989669800e-01
2.060862630605697632e-01
1.507412940263748169e-01
2.298940569162368774e-01
2.073954194784164429e-01
1.441246420145034790e-01
1.585411876440048218e-01
2.243150770664215088e-01
1.026402488350868225e-01
1.904892474412918091e-01
4.711127579212188721e-01
3.642852306365966797e-01
1.469287425279617310e-01
2.277153283357620239e-01
2.404034882783889771e-01
2.524773776531219482e-01
2.002814710140228271e-01
1.558312773704528809e-01
1.998769491910934448e-01
2.619328796863555908e-01
3.300426900386810303e-01
2.240845113992691040e-01
1.546118706464767456e-01
2.923950552940368652e-01
2.465825974941253662e-01
3.749076426029205322e-01
2.235342562198638916e-01
2.466767579317092896e-01
2.327674031257629395e-01
1.781841963529586792e-01
1.878978163003921509e-01
2.716681659221649170e-01
3.783634006977081299e-01
1.750982701778411865e-01
1.835182458162307739e-01
1.575488299131393433e-01
2.574839890003204346e-01
2.678038775920867920e-01
3.665354549884796143e-01
3.622170388698577881e-01
1.550122797489166260e-01
2.248738408088684082e-01
2.617238759994506836e-01
2.050472348928451538e-01
3.929011225700378418e-01
3.031688034534454346e-01
2.644058465957641602e-01
1.899195611476898193e-01
2.528707087039947510e-01
3.261000514030456543e-01
1.510403454303741455e-01
2.192467749118804932e-01
2.447891533374786377e-01
2.274949848651885986e-01
1.915934383869171143e-01
2.224161624908447266e-01
2.161597907543182373e-01
2.831005156040191650e-01
2.968048453330993652e-01
2.243836522102355957e-01
2.074557244777679443e-01
2.822722494602203369e-01
1.954577267169952393e-01
2.043579369783401489e-01
2.065163850784301758e-01
2.600212991237640381e-01
1.737489998340606689e-01
2.765195071697235107e-01
3.373836576938629150e-01
1.749203503131866455e-01
3.161200881004333496e-01
2.677733898162841797e-01
2.915975451469421387e-01
1.815470606088638306e-01
2.683825194835662842e-01
3.147393763065338135e-01
2.461408972740173340e-01
2.616212368011474609e-01
2.797077894210815430e-01
1.698316335678100586e-01
2.494246512651443481e-01
2.389430254697799683e-01
1.700633466243743896e-01
2.640865147113800049e-01
2.633292973041534424e-01
2.934547364711761475e-01
2.476977705955505371e-01
2.683085799217224121e-01
2.309788465499877930e-01
2.033371478319168091e-01
2.857722342014312744e-01
1.508183628320693970e-01
2.695667743682861328e-01
2.315362393856048584e-01
1.143353953957557678e-01
2.397733032703399658e-01
1.839812546968460083e-01
1.880795806646347046e-01
3.882987797260284424e-01
2.326157838106155396e-01
1.873540878295898438e-01
3.461923301219940186e-01
1.474352777004241943e-01
1.705075204372406006e-01
2.479648143053054810e-01
2.319311201572418213e-01
3.955306708812713623e-01
1.976444274187088013e-01
1.465292721986770630e-01
1.865912824869155884e-01
2.817348241806030273e-01
2.594223618507385254e-01
2.882767617702484131e-01
2.305544912815093994e-01
3.409838974475860596e-01
2.804436981678009033e-01
2.664901018142700195e-01
3.390204906463623047e-01
2.789881825447082520e-01
2.993254065513610840e-01
3.202618062496185303e-01
2.232757061719894409e-01
1.852111369371414185e-01
2.459211349487304688e-01
1.852503120899200439e-01
2.494536787271499634e-01
3.092843890190124512e-01
1.932628005743026733e-01
1.834221631288528442e-01
1.854777485132217407e-01
1.415139585733413696e-01
1.457084566354751587e-01
2.914411723613739014e-01
3.092350959777832031e-01
2.136282771825790405e-01
2.452907264232635498e-01
1.751679629087448120e-01
2.730324566364288330e-01
2.120345830917358398e-01
3.300312161445617676e-01
3.462507128715515137e-01
2.816058099269866943e-01
2.538145184516906738e-01
1.670395582914352417e-01
1.576779931783676147e-01
1.615902185440063477e-01
2.808936834335327148e-01
3.192847371101379395e-01
1.625624746084213257e-01
2.722322940826416016e-01
2.471472620964050293e-01
2.277378886938095093e-01
2.240540385246276855e-01
2.448352575302124023e-01
2.250204235315322876e-01
2.274557054042816162e-01
1.852854043245315552e-01
2.880872189998626709e-01
1.539908051490783691e-01
1.978968828916549683e-01
1.982250809669494629e-01
1.938550621271133423e-01
2.741907238960266113e-01
2.594760656356811523e-01
3.477198183536529541e-01
2.884334027767181396e-01
2.067840844392776489e-01
2.706536054611206055e-01
2.821136415004730225e-01
2.363351583480834961e-01
2.399575114250183105e-01
2.633557617664337158e-01
2.743254899978637695e-01
2.552364170551300049e-01
1.403272897005081177e-01
2.663937509059906006e-01
3.408576548099517822e-01
2.292316555976867676e-01
2.701950371265411377e-01
3.086745142936706543e-01
2.316203117370605469e-01
2.038973420858383179e-01
1.424693763256072998e-01
1.905765980482101440e-01
3.218187987804412842e-01
2.258610278367996216e-01
2.425652146339416504e-01
2.015717923641204834e-01
2.026708424091339111e-01
1.559480130672454834e-01
2.747531235218048096e-01
1.631451994180679321e-01
1.657992005348205566e-01
2.469199597835540771e-01
1.880404949188232422e-01
1.507098674774169922e-01
2.626619935035705566e-01
2.494457066059112549e-01
1.755633056163787842e-01
3.162394762039184570e-01
3.358048200607299805e-01
2.228605449199676514e-01
2.728390097618103027e-01
2.348430603742599487e-01
2.936435937881469727e-01
3.731830716133117676e-01
2.156236767768859863e-01
2.464815229177474976e-01
2.593175470829010010e-01
1.957227885723114014e-01
1.723633110523223877e-01
2.249732464551925659e-01
2.065378427505493164e-01
2.716627418994903564e-01
1.803086549043655396e-01
2.841734290122985840e-01
1.467533707618713379e-01
2.130173444747924805e-01
2.660150229930877686e-01
2.824581861495971680e-01
2.126750797033309937e-01
2.426522970199584961e-01
2.574212551116943359e-01
1.775181442499160767e-01
2.503172159194946289e-01
3.272091746330261230e-01
1.713141202926635742e-01
1.818978488445281982e-01
2.640565633773803711e-01
2.690182626247406006e-01
2.311331778764724731e-01
2.718552947044372559e-01
1.705200523138046265e-01
2.609075903892517090e-01
1.440733969211578369e-01
2.877654135227203369e-01
2.205181717872619629e-01
2.248419970273971558e-01
1.801677197217941284e-01
2.102996408939361572e-01
1.876659691333770752e-01
2.241388708353042603e-01
2.352757751941680908e-01
2.868737280368804932e-01
3.017326295375823975e-01
2.221842706203460693e-01
2.808471322059631348e-01
2.255432754755020142e-01
1.449866741895675659e-01
2.617769539356231689e-01
1.875992417335510254e-01
4.038180410861968994e-01
2.130543440580368042e-01
2.023235112428665161e-01
2.617995440959930420e-01
2.555305063724517822e-01
1.790085136890411377e-01
2.677662968635559082e-01
1.464058905839920044e-01
2.265585362911224365e-01
2.513007223606109619e-01
2.547311782836914062e-01
2.816223204135894775e-01
2.098659873008728027e-01
2.297229766845703125e-01
1.195858940482139587e-01
3.867437541484832764e-01
3.814331889152526855e-01
3.314124345779418945e-01
1.591847091913223267e-01
2.540274858474731445e-01
2.259517908096313477e-01
3.888044953346252441e-01
1.362158954143524170e-01
2.227055132389068604e-01
2.587234675884246826e-01
3.005490899085998535e-01
3.578586280345916748e-01
2.836294472217559814e-01
2.208861261606216431e-01
1.528782248497009277e-01
2.874539494514465332e-01
1.575732380151748657e-01
1.409908682107925415e-01
2.334910780191421509e-01
2.695064246654510498e-01
2.417807132005691528e-01
1.927962601184844971e-01
1.543978899717330933e-01
2.177068889141082764e-01
1.544414311647415161e-01
2.743914127349853516e-01
3.239344060420989990e-01
1.794982999563217163e-01
3.158838450908660889e-01
1.695848107337951660e-01
2.175263166427612305e-01
